#TopoPred_TM8: 8-state transmembrane topology prediction results by no_profile mode 
#probabilities are in the order of H E C I L F X _, the 8 transmembrane topology types used in PDBTM 
   1 S X   0.010 0.001 0.002 0.038 0.008 0.008 0.794 0.139 
   2 I X   0.003 0.001 0.000 0.021 0.001 0.004 0.815 0.155 
   3 S X   0.001 0.001 0.000 0.012 0.000 0.003 0.819 0.164 
   4 S X   0.001 0.001 0.000 0.009 0.000 0.003 0.817 0.169 
   5 R X   0.001 0.003 0.000 0.008 0.001 0.005 0.811 0.171 
   6 V X   0.002 0.005 0.000 0.009 0.002 0.007 0.802 0.173 
   7 K X   0.003 0.010 0.000 0.011 0.002 0.009 0.792 0.173 
   8 S X   0.004 0.018 0.000 0.013 0.003 0.010 0.779 0.172 
   9 K X   0.004 0.029 0.001 0.016 0.004 0.011 0.764 0.170 
  10 R X   0.004 0.041 0.001 0.018 0.005 0.011 0.750 0.170 
  11 I X   0.004 0.052 0.001 0.020 0.006 0.011 0.737 0.170 
  12 Q X   0.004 0.061 0.001 0.020 0.006 0.011 0.726 0.172 
  13 L X   0.004 0.067 0.001 0.019 0.006 0.011 0.718 0.175 
  14 G X   0.004 0.071 0.001 0.018 0.006 0.010 0.711 0.180 
  15 L X   0.004 0.074 0.001 0.016 0.005 0.010 0.706 0.184 
  16 N X   0.004 0.077 0.000 0.015 0.005 0.010 0.701 0.188 
  17 Q X   0.004 0.078 0.000 0.013 0.005 0.010 0.698 0.192 
  18 A X   0.004 0.079 0.000 0.012 0.005 0.010 0.695 0.195 
  19 E X   0.004 0.080 0.000 0.012 0.004 0.009 0.692 0.197 
  20 L X   0.005 0.080 0.000 0.011 0.004 0.009 0.690 0.200 
  21 A X   0.005 0.080 0.000 0.011 0.004 0.009 0.689 0.202 
  22 Q X   0.005 0.079 0.000 0.011 0.004 0.009 0.687 0.204 
  23 K X   0.005 0.079 0.000 0.011 0.004 0.009 0.687 0.205 
  24 V X   0.005 0.078 0.000 0.012 0.004 0.009 0.686 0.206 
  25 G X   0.005 0.076 0.000 0.012 0.005 0.008 0.687 0.206 
  26 T X   0.005 0.074 0.000 0.013 0.005 0.008 0.688 0.207 
  27 T X   0.005 0.071 0.000 0.013 0.004 0.008 0.690 0.208 
  28 Q X   0.005 0.067 0.000 0.013 0.004 0.007 0.693 0.210 
  29 Q X   0.005 0.061 0.000 0.013 0.004 0.007 0.697 0.212 
  30 S X   0.005 0.054 0.000 0.012 0.004 0.006 0.702 0.216 
  31 I X   0.004 0.046 0.000 0.011 0.003 0.006 0.708 0.222 
  32 E X   0.004 0.036 0.000 0.009 0.003 0.005 0.714 0.228 
  33 Q X   0.004 0.026 0.000 0.007 0.002 0.004 0.721 0.235 
  34 L X   0.003 0.018 0.000 0.006 0.002 0.004 0.726 0.241 
  35 E X   0.003 0.011 0.000 0.004 0.001 0.003 0.731 0.246 
  36 N X   0.002 0.006 0.000 0.003 0.001 0.003 0.735 0.250 
  37 G X   0.002 0.004 0.000 0.002 0.001 0.003 0.737 0.252 
  38 K X   0.002 0.002 0.000 0.001 0.001 0.003 0.738 0.253 
  39 T X   0.002 0.002 0.000 0.001 0.001 0.003 0.739 0.253 
  40 K X   0.002 0.001 0.000 0.001 0.001 0.003 0.738 0.253 
  41 R X   0.002 0.001 0.000 0.001 0.001 0.005 0.737 0.252 
  42 P X   0.004 0.002 0.000 0.002 0.001 0.006 0.735 0.250 
  43 R X   0.005 0.003 0.000 0.003 0.002 0.009 0.732 0.246 
  44 F X   0.008 0.006 0.000 0.004 0.004 0.013 0.727 0.238 
  45 L X   0.012 0.011 0.001 0.006 0.006 0.018 0.722 0.225 
  46 P X   0.016 0.018 0.001 0.009 0.010 0.023 0.715 0.208 
  47 E X   0.021 0.028 0.001 0.011 0.014 0.028 0.709 0.188 
  48 L X   0.026 0.037 0.001 0.014 0.019 0.031 0.704 0.168 
  49 A X   0.031 0.046 0.001 0.015 0.023 0.034 0.699 0.149 
  50 S X   0.036 0.054 0.001 0.016 0.027 0.036 0.697 0.134 
  51 A X   0.040 0.059 0.001 0.016 0.029 0.036 0.696 0.122 
  52 L X   0.043 0.064 0.001 0.017 0.030 0.036 0.697 0.112 
  53 G X   0.045 0.067 0.001 0.017 0.030 0.035 0.699 0.107 
  54 V X   0.045 0.068 0.001 0.017 0.029 0.033 0.703 0.104 
  55 S X   0.043 0.068 0.001 0.016 0.027 0.030 0.709 0.105 
  56 V X   0.039 0.067 0.001 0.016 0.024 0.026 0.717 0.109 
  57 D X   0.033 0.065 0.001 0.015 0.019 0.022 0.728 0.117 
  58 W X   0.025 0.060 0.001 0.014 0.013 0.016 0.742 0.129 
  59 L X   0.015 0.052 0.001 0.011 0.007 0.010 0.758 0.146 
  60 L X   0.007 0.038 0.000 0.006 0.002 0.004 0.772 0.170 
  61 N X   0.002 0.025 0.000 0.003 0.000 0.002 0.776 0.192 
  62 G X   0.001 0.019 0.000 0.002 0.000 0.001 0.774 0.203 
  63 T X   0.003 0.016 0.001 0.007 0.003 0.003 0.759 0.209 
