#TopoPred_TM8: 8-state transmembrane topology prediction results by no_profile mode 
#probabilities are in the order of H E C I L F X _, the 8 transmembrane topology types used in PDBTM 
   1 C X   0.016 0.001 0.003 0.050 0.011 0.017 0.698 0.204 
   2 P X   0.008 0.000 0.000 0.036 0.003 0.013 0.716 0.223 
   3 L X   0.005 0.000 0.000 0.028 0.002 0.012 0.720 0.233 
   4 M X   0.006 0.001 0.000 0.024 0.002 0.014 0.716 0.237 
   5 V X   0.009 0.001 0.000 0.023 0.003 0.018 0.708 0.239 
   6 K X   0.011 0.001 0.001 0.021 0.005 0.021 0.695 0.245 
   7 V X   0.014 0.002 0.001 0.020 0.006 0.023 0.682 0.253 
   8 L X   0.017 0.002 0.001 0.018 0.007 0.024 0.668 0.264 
   9 D X   0.019 0.002 0.001 0.015 0.007 0.024 0.654 0.278 
  10 A X   0.019 0.002 0.001 0.013 0.007 0.024 0.640 0.292 
  11 V X   0.020 0.002 0.001 0.010 0.008 0.025 0.627 0.307 
  12 R X   0.021 0.003 0.001 0.008 0.008 0.025 0.615 0.320 
  13 G X   0.023 0.003 0.001 0.006 0.008 0.027 0.603 0.329 
  14 S X   0.027 0.003 0.001 0.005 0.009 0.028 0.592 0.335 
  15 P X   0.030 0.004 0.001 0.006 0.011 0.031 0.581 0.336 
  16 A X   0.035 0.007 0.001 0.007 0.014 0.033 0.570 0.333 
  17 I X   0.040 0.012 0.001 0.011 0.018 0.036 0.558 0.324 
  18 N X   0.044 0.020 0.001 0.016 0.022 0.037 0.547 0.313 
  19 V X   0.046 0.030 0.002 0.022 0.025 0.037 0.537 0.301 
  20 A X   0.047 0.038 0.002 0.029 0.026 0.036 0.529 0.293 
  21 V X   0.046 0.044 0.002 0.034 0.026 0.034 0.524 0.291 
  22 H X   0.043 0.046 0.002 0.037 0.024 0.031 0.520 0.298 
  23 V X   0.039 0.046 0.001 0.036 0.021 0.028 0.518 0.311 
  24 F X   0.034 0.043 0.001 0.032 0.017 0.024 0.517 0.332 
  25 R X   0.029 0.037 0.001 0.025 0.013 0.020 0.517 0.359 
  26 K X   0.023 0.029 0.001 0.018 0.009 0.016 0.517 0.387 
  27 A X   0.018 0.020 0.001 0.012 0.006 0.012 0.517 0.414 
  28 A X   0.014 0.012 0.000 0.008 0.004 0.010 0.517 0.435 
  29 D X   0.010 0.008 0.000 0.005 0.002 0.007 0.516 0.450 
  30 D X   0.008 0.005 0.000 0.004 0.002 0.006 0.515 0.460 
  31 T X   0.007 0.004 0.000 0.003 0.001 0.005 0.513 0.467 
  32 W X   0.006 0.003 0.000 0.003 0.001 0.005 0.510 0.471 
  33 E X   0.005 0.003 0.000 0.004 0.001 0.004 0.506 0.476 
  34 P X   0.005 0.003 0.000 0.004 0.001 0.004 0.502 0.480 
  35 F X   0.004 0.004 0.000 0.004 0.002 0.004 0.497 0.485 
  36 A _   0.004 0.004 0.000 0.005 0.002 0.005 0.490 0.490 
  37 S _   0.004 0.005 0.000 0.005 0.002 0.005 0.483 0.497 
  38 G _   0.004 0.006 0.000 0.005 0.002 0.005 0.474 0.505 
  39 K _   0.003 0.007 0.000 0.006 0.002 0.005 0.465 0.512 
  40 T _   0.003 0.009 0.000 0.006 0.002 0.006 0.454 0.519 
  41 S _   0.003 0.012 0.000 0.007 0.002 0.007 0.442 0.526 
  42 E _   0.004 0.017 0.000 0.009 0.003 0.008 0.429 0.530 
  43 S _   0.004 0.025 0.001 0.011 0.004 0.009 0.414 0.533 
  44 G _   0.004 0.035 0.001 0.014 0.005 0.011 0.398 0.532 
  45 E _   0.005 0.049 0.001 0.017 0.006 0.012 0.381 0.529 
  46 L _   0.005 0.064 0.001 0.020 0.007 0.013 0.364 0.525 
  47 H _   0.006 0.079 0.001 0.023 0.007 0.015 0.348 0.521 
  48 G _   0.006 0.093 0.001 0.025 0.008 0.016 0.332 0.518 
  49 L _   0.006 0.106 0.001 0.027 0.009 0.017 0.319 0.516 
  50 T _   0.007 0.116 0.001 0.027 0.010 0.018 0.306 0.516 
  51 T _   0.007 0.124 0.001 0.027 0.010 0.019 0.295 0.516 
  52 E _   0.008 0.131 0.001 0.027 0.011 0.020 0.286 0.516 
  53 E _   0.009 0.137 0.001 0.027 0.011 0.021 0.277 0.516 
  54 E _   0.010 0.142 0.001 0.027 0.012 0.021 0.270 0.516 
  55 F _   0.012 0.146 0.001 0.027 0.012 0.022 0.264 0.517 
  56 V _   0.012 0.148 0.001 0.027 0.012 0.022 0.258 0.518 
  57 E _   0.013 0.149 0.001 0.028 0.012 0.022 0.254 0.521 
  58 G _   0.014 0.148 0.001 0.027 0.012 0.021 0.250 0.527 
  59 I _   0.014 0.146 0.001 0.025 0.011 0.020 0.247 0.535 
  60 Y _   0.014 0.140 0.001 0.023 0.010 0.019 0.245 0.548 
  61 K _   0.013 0.133 0.001 0.019 0.009 0.018 0.243 0.562 
  62 V _   0.013 0.125 0.001 0.016 0.008 0.017 0.241 0.579 
  63 E _   0.012 0.117 0.001 0.013 0.007 0.017 0.240 0.595 
  64 I _   0.012 0.110 0.001 0.010 0.006 0.016 0.238 0.608 
  65 D _   0.011 0.105 0.001 0.008 0.005 0.015 0.237 0.618 
  66 T _   0.011 0.104 0.001 0.008 0.005 0.015 0.235 0.622 
  67 K _   0.011 0.105 0.001 0.008 0.005 0.016 0.232 0.622 
  68 S _   0.011 0.109 0.001 0.010 0.006 0.016 0.230 0.617 
  69 Y _   0.011 0.115 0.001 0.012 0.007 0.017 0.228 0.609 
  70 W _   0.011 0.123 0.001 0.015 0.008 0.017 0.226 0.600 
  71 K _   0.011 0.130 0.001 0.017 0.008 0.017 0.224 0.591 
  72 A _   0.011 0.137 0.001 0.019 0.008 0.017 0.222 0.585 
  73 L _   0.011 0.141 0.001 0.019 0.008 0.017 0.221 0.582 
  74 G _   0.011 0.144 0.001 0.017 0.008 0.017 0.220 0.582 
  75 I _   0.011 0.146 0.001 0.016 0.008 0.017 0.219 0.584 
  76 S _   0.011 0.147 0.001 0.014 0.007 0.017 0.219 0.584 
  77 P _   0.011 0.148 0.001 0.014 0.008 0.018 0.218 0.582 
  78 F _   0.012 0.151 0.001 0.014 0.008 0.019 0.218 0.577 
  79 H _   0.013 0.156 0.001 0.016 0.010 0.020 0.218 0.567 
  80 E _   0.014 0.162 0.001 0.020 0.011 0.021 0.218 0.553 
  81 H _   0.014 0.170 0.001 0.025 0.013 0.021 0.219 0.538 
  82 A _   0.014 0.176 0.001 0.030 0.013 0.021 0.220 0.523 
  83 E _   0.014 0.180 0.001 0.034 0.014 0.020 0.223 0.514 
  84 V _   0.014 0.180 0.001 0.035 0.013 0.019 0.226 0.512 
  85 V _   0.013 0.176 0.001 0.033 0.012 0.017 0.230 0.518 
  86 F _   0.012 0.166 0.001 0.029 0.010 0.016 0.235 0.532 
  87 T _   0.011 0.151 0.001 0.023 0.008 0.014 0.241 0.552 
  88 A _   0.009 0.132 0.001 0.016 0.006 0.012 0.247 0.576 
  89 N _   0.009 0.115 0.001 0.010 0.004 0.011 0.252 0.597 
  90 D _   0.008 0.103 0.000 0.007 0.003 0.011 0.257 0.611 
  91 S _   0.007 0.098 0.000 0.005 0.003 0.011 0.261 0.616 
  92 G _   0.008 0.097 0.000 0.005 0.003 0.012 0.263 0.612 
  93 P _   0.009 0.101 0.000 0.006 0.004 0.014 0.266 0.600 
  94 R _   0.010 0.115 0.001 0.010 0.006 0.016 0.268 0.574 
  95 R _   0.011 0.142 0.001 0.016 0.009 0.018 0.269 0.534 
  96 Y _   0.011 0.180 0.001 0.023 0.011 0.019 0.270 0.483 
  97 T _   0.011 0.218 0.001 0.029 0.013 0.020 0.272 0.436 
  98 I _   0.010 0.247 0.001 0.033 0.013 0.019 0.275 0.402 
  99 A _   0.009 0.265 0.001 0.034 0.012 0.019 0.279 0.381 
 100 A _   0.009 0.274 0.001 0.032 0.011 0.018 0.285 0.371 
 101 L _   0.008 0.278 0.001 0.028 0.010 0.017 0.291 0.367 
 102 L _   0.008 0.277 0.001 0.023 0.009 0.017 0.298 0.368 
 103 S _   0.009 0.275 0.001 0.018 0.008 0.016 0.305 0.369 
 104 P _   0.009 0.273 0.001 0.014 0.007 0.016 0.312 0.368 
 105 Y _   0.010 0.273 0.001 0.012 0.007 0.016 0.319 0.364 
 106 S _   0.010 0.275 0.001 0.011 0.007 0.017 0.325 0.354 
 107 Y _   0.010 0.281 0.001 0.013 0.008 0.016 0.331 0.341 
 108 S X   0.009 0.291 0.001 0.015 0.008 0.015 0.338 0.323 
 109 T X   0.008 0.303 0.001 0.019 0.008 0.013 0.345 0.303 
 110 T X   0.006 0.312 0.001 0.022 0.007 0.010 0.353 0.289 
 111 A X   0.004 0.316 0.001 0.023 0.004 0.007 0.362 0.283 
 112 V X   0.002 0.314 0.000 0.021 0.002 0.004 0.370 0.287 
 113 V X   0.001 0.307 0.000 0.018 0.001 0.002 0.374 0.297 
 114 T X   0.001 0.295 0.000 0.019 0.001 0.002 0.373 0.309 
 115 N X   0.005 0.280 0.002 0.028 0.005 0.005 0.365 0.310 
