#TopoPred_TM8: 8-state transmembrane topology prediction results by no_profile mode 
#probabilities are in the order of H E C I L F X _, the 8 transmembrane topology types used in PDBTM 
   1 G X   0.018 0.007 0.003 0.093 0.013 0.022 0.609 0.235 
   2 L X   0.009 0.007 0.000 0.076 0.004 0.017 0.625 0.260 
   3 G X   0.005 0.009 0.000 0.064 0.002 0.016 0.628 0.275 
   4 G X   0.006 0.013 0.000 0.057 0.003 0.019 0.622 0.280 
   5 Y X   0.007 0.020 0.001 0.055 0.005 0.024 0.609 0.280 
   6 M X   0.010 0.029 0.001 0.053 0.008 0.028 0.590 0.280 
   7 L X   0.012 0.041 0.001 0.053 0.010 0.030 0.572 0.280 
   8 G X   0.013 0.053 0.001 0.053 0.012 0.031 0.554 0.282 
   9 S X   0.013 0.064 0.001 0.054 0.013 0.030 0.538 0.286 
  10 A X   0.013 0.073 0.001 0.054 0.015 0.028 0.524 0.293 
  11 M X   0.012 0.078 0.001 0.053 0.015 0.026 0.512 0.302 
  12 S X   0.012 0.081 0.001 0.050 0.015 0.024 0.503 0.314 
  13 R X   0.011 0.081 0.001 0.046 0.013 0.022 0.497 0.329 
  14 P X   0.011 0.079 0.001 0.041 0.012 0.019 0.493 0.345 
  15 M X   0.011 0.074 0.001 0.034 0.010 0.017 0.490 0.363 
  16 I X   0.010 0.067 0.001 0.028 0.008 0.015 0.488 0.384 
  17 H X   0.009 0.058 0.001 0.022 0.006 0.013 0.487 0.406 
  18 F X   0.008 0.048 0.001 0.016 0.005 0.011 0.485 0.427 
  19 G X   0.007 0.038 0.000 0.012 0.004 0.009 0.484 0.446 
  20 N X   0.006 0.031 0.000 0.008 0.003 0.008 0.482 0.462 
  21 D X   0.005 0.025 0.000 0.006 0.002 0.007 0.480 0.474 
  22 W _   0.005 0.022 0.000 0.005 0.002 0.006 0.477 0.483 
  23 E _   0.005 0.020 0.000 0.005 0.002 0.006 0.474 0.489 
  24 D _   0.004 0.020 0.000 0.005 0.002 0.006 0.470 0.493 
  25 R _   0.004 0.020 0.000 0.006 0.002 0.006 0.465 0.496 
  26 Y _   0.004 0.021 0.000 0.007 0.003 0.007 0.461 0.497 
  27 Y _   0.005 0.023 0.000 0.009 0.003 0.008 0.455 0.498 
  28 R _   0.005 0.025 0.000 0.011 0.004 0.008 0.450 0.498 
  29 E _   0.005 0.028 0.001 0.012 0.004 0.009 0.444 0.497 
  30 N _   0.005 0.030 0.001 0.014 0.005 0.009 0.439 0.498 
  31 M _   0.005 0.032 0.001 0.014 0.005 0.009 0.435 0.499 
  32 Y _   0.005 0.033 0.001 0.014 0.005 0.009 0.431 0.502 
  33 R _   0.006 0.034 0.001 0.014 0.005 0.009 0.427 0.504 
  34 Y _   0.006 0.034 0.001 0.014 0.005 0.009 0.424 0.507 
  35 P _   0.006 0.034 0.000 0.014 0.005 0.009 0.422 0.510 
  36 N _   0.006 0.035 0.001 0.014 0.005 0.009 0.419 0.512 
  37 Q _   0.006 0.034 0.000 0.015 0.004 0.009 0.418 0.514 
  38 V _   0.006 0.034 0.001 0.015 0.004 0.009 0.416 0.516 
  39 Y _   0.006 0.033 0.001 0.015 0.004 0.008 0.415 0.518 
  40 Y _   0.006 0.032 0.000 0.014 0.004 0.008 0.414 0.521 
  41 R _   0.005 0.030 0.000 0.013 0.004 0.007 0.413 0.526 
  42 P _   0.005 0.028 0.000 0.012 0.003 0.007 0.413 0.532 
  43 V _   0.004 0.026 0.000 0.010 0.003 0.006 0.412 0.539 
  44 D _   0.004 0.023 0.000 0.008 0.002 0.006 0.411 0.545 
  45 Q _   0.004 0.021 0.000 0.006 0.002 0.005 0.410 0.551 
  46 Y _   0.003 0.020 0.000 0.005 0.002 0.005 0.408 0.556 
  47 S _   0.003 0.020 0.000 0.004 0.002 0.005 0.406 0.560 
  48 N _   0.003 0.020 0.000 0.004 0.002 0.005 0.404 0.562 
  49 Q _   0.003 0.022 0.000 0.005 0.002 0.006 0.401 0.562 
  50 N _   0.004 0.025 0.000 0.006 0.002 0.007 0.397 0.559 
  51 N _   0.004 0.031 0.000 0.008 0.003 0.008 0.392 0.553 
  52 F _   0.005 0.040 0.001 0.011 0.004 0.010 0.387 0.543 
  53 V _   0.006 0.051 0.001 0.014 0.005 0.012 0.381 0.529 
  54 H _   0.006 0.064 0.001 0.018 0.007 0.014 0.376 0.514 
  55 D _   0.007 0.077 0.001 0.022 0.008 0.016 0.370 0.500 
  56 C _   0.008 0.089 0.001 0.025 0.009 0.017 0.366 0.486 
  57 V _   0.008 0.098 0.001 0.028 0.011 0.019 0.362 0.474 
  58 N _   0.009 0.105 0.001 0.030 0.012 0.020 0.359 0.465 
  59 I _   0.010 0.110 0.001 0.031 0.013 0.020 0.357 0.459 
  60 T _   0.011 0.112 0.001 0.031 0.013 0.021 0.356 0.455 
  61 I _   0.011 0.113 0.001 0.031 0.013 0.021 0.356 0.454 
  62 K _   0.011 0.112 0.001 0.031 0.013 0.020 0.357 0.455 
  63 Q _   0.011 0.108 0.001 0.029 0.012 0.019 0.359 0.459 
  64 H _   0.011 0.103 0.001 0.028 0.011 0.018 0.362 0.465 
  65 T _   0.011 0.095 0.001 0.025 0.010 0.017 0.366 0.474 
  66 V _   0.010 0.086 0.001 0.023 0.009 0.016 0.370 0.485 
  67 T _   0.009 0.074 0.001 0.020 0.008 0.014 0.375 0.498 
  68 T _   0.009 0.061 0.001 0.016 0.007 0.013 0.381 0.512 
  69 T _   0.008 0.049 0.001 0.013 0.005 0.012 0.386 0.526 
  70 T _   0.007 0.037 0.001 0.010 0.004 0.011 0.391 0.539 
  71 K _   0.007 0.028 0.000 0.008 0.004 0.010 0.395 0.548 
  72 G _   0.006 0.021 0.000 0.006 0.003 0.010 0.399 0.554 
  73 E _   0.006 0.017 0.000 0.005 0.003 0.010 0.402 0.556 
  74 N _   0.006 0.015 0.000 0.005 0.003 0.011 0.405 0.556 
  75 F _   0.007 0.013 0.000 0.004 0.003 0.012 0.407 0.552 
  76 T _   0.009 0.013 0.000 0.005 0.003 0.014 0.409 0.546 
  77 E _   0.011 0.014 0.000 0.005 0.004 0.017 0.411 0.537 
  78 T _   0.015 0.015 0.001 0.006 0.005 0.021 0.413 0.524 
  79 D _   0.019 0.018 0.001 0.008 0.008 0.025 0.414 0.507 
  80 V _   0.025 0.023 0.001 0.009 0.011 0.030 0.416 0.486 
  81 K _   0.032 0.029 0.001 0.011 0.015 0.036 0.417 0.460 
  82 M _   0.039 0.037 0.001 0.013 0.019 0.041 0.419 0.430 
  83 M X   0.046 0.047 0.001 0.016 0.025 0.046 0.422 0.397 
  84 E X   0.053 0.058 0.002 0.019 0.030 0.050 0.425 0.363 
  85 R X   0.057 0.071 0.002 0.023 0.034 0.052 0.431 0.331 
  86 V X   0.060 0.082 0.002 0.027 0.037 0.053 0.437 0.302 
  87 V X   0.061 0.091 0.002 0.032 0.039 0.052 0.446 0.277 
  88 E X   0.061 0.098 0.002 0.036 0.039 0.051 0.456 0.257 
  89 Q X   0.059 0.102 0.002 0.039 0.037 0.048 0.469 0.243 
  90 M X   0.056 0.103 0.002 0.041 0.034 0.044 0.485 0.236 
  91 C X   0.051 0.101 0.002 0.041 0.030 0.040 0.503 0.232 
  92 V X   0.045 0.096 0.002 0.039 0.025 0.035 0.525 0.234 
  93 T X   0.038 0.087 0.002 0.035 0.020 0.030 0.549 0.239 
  94 Q X   0.031 0.075 0.001 0.029 0.015 0.025 0.574 0.249 
  95 Y X   0.024 0.060 0.001 0.023 0.011 0.020 0.600 0.260 
  96 Q X   0.017 0.046 0.001 0.018 0.008 0.016 0.624 0.270 
  97 K X   0.012 0.033 0.001 0.013 0.005 0.011 0.647 0.277 
  98 E X   0.007 0.022 0.000 0.009 0.003 0.007 0.668 0.284 
  99 S X   0.003 0.013 0.000 0.005 0.001 0.003 0.685 0.289 
 100 Q X   0.001 0.006 0.000 0.002 0.000 0.001 0.696 0.294 
 101 A X   0.000 0.003 0.000 0.001 0.000 0.000 0.698 0.297 
 102 Y X   0.000 0.003 0.000 0.002 0.000 0.000 0.696 0.299 
 103 Y X   0.002 0.003 0.001 0.007 0.002 0.002 0.684 0.299 
